9
18
69
71
74
92
94
106
116
122
129
158
159
188
204
213
229
243
245
248
285
300
301
321
324
326
327
328
329
336
339
343
347
354
362
364
372
374
384
385
387
388
389
393
395
396
397
399
402
408
416
418
422
438
451
455
486
497
514
516
543
564
565
581
602
608
625
633
634
635
636
637
659
664
665
702
703
704
706
714
716
719
721
725
729
732
739
743
744
746
747
751
757
761
765
766
775
783
796
838
840
841
845
851
866
869
877
878
904
911
914
923
941
951
957
960
963
969
970
973
976
980
984
988
989
990
999
1000
1007
1025
1026
1027
