7
10
17
34
46
48
55
57
70
71
74
90
91
96
98
99
100
111
136
137
141
179
252
253
259
266
273
294
305
308
314
321
328
339
345
368
382
389
394
395
396
399
401
403
408
409
417
421
428
431
432
433
435
436
439
443
451
458
467
477
484
487
498
499
506
507
521
522
524
528
532
533
536
540
543
558
562
566
568
569
574
578
580
608
630
632
655
665
674
680
686
687
692
694
695
705
706
712
716
718
752
761
764
780
804
806
807
809
823
824
830
833
834
848
863
866
867
868
876
877
893
898
913
917
926
927
929
931
932
950
951
952
954
958
960
964
972
977
996
1003
1005
1008
1014
1016
1017
1018
1026
1036
1038
1039
1040
1048
1053
1061
1077
1078
1084
1085
1087
1088
1103
1117
1118
1158
1161
1185
1191
1201
1207
1209
1210
1212
1216
1218
1219
1231
1237
1238
1243
1244
1249
1253
1266
1274
1284
1289
1307
1316
1318
1319
1349
1359
1373
1379
1380
1381
1382
1383
1384
1385
1387
1388
1390
1392
1393
1394
1418
1421
1468
1479
1498
1512
1513
1514
1520
